193 18
157 14
105 3
235 16
4 24
105 22
206 24
168 10
122 14
166 17
139 24
11 3
51 18
189 24
200 3
192 2
28 5
69 27
207 30
82 5
65 25
223 24
252 10
115 20
118 30
73 29
241 11
20 15
245 8
137 3
178 17
254 19
35 16
74 26
6 19
239 5
12 15
74 22
119 25
34 28
113 15
118 6
136 16
28 8
222 1
202 11
176 25
126 23
111 2
158 14
138 1
96 21
50 22
148 10
54 25
36 4
168 23
12 24
109 4
79 5
47 23
101 6
193 27
144 11
169 23
97 3
191 2
254 11
157 26
50 12
159 11
133 21
17 28
41 10
195 17
163 12
181 3
230 4
241 14
242 13
24 21
127 22
105 2
125 11
126 28
222 3
149 29
175 27
80 11
128 29
35 8
139 12
222 18
242 3
65 7
23 19
186 13
92 4
34 22
224 13
45 20
145 24
174 5
179 27
216 15
236 25
189 30
110 26
5 23
183 15
24 21
220 2
131 25
16 26
214 16
162 13
70 14
205 5
227 30
31 26
10 21
8 28
15 21
49 24
65 5
28 11
99 27
82 27
246 12
148 23
116 7
34 18
108 22
176 22
113 17
70 18
179 20
80 3
18 25
196 23
197 16
222 28
78 1
163 14
172 16
86 5
121 15
213 1
224 26
214 19
96 3
207 22
32 22
110 14
192 25
98 18
215 12
150 16
36 9
25 28
3 1
96 3
43 24
106 14
212 5
56 25
250 17
102 27
53 17
123 23
151 3
211 29
171 1
161 7
50 27
101 8
160 21
137 24
161 3
115 4
84 22
200 30
34 16
169 8
233 27
254 15
74 12
216 18
19 25
71 22
98 8
138 26
183 28
137 27
135 21
197 1
181 15
34 27
136 13
120 20
188 23
101 6
30 30
220 27
194 11
66 20
21 16
95 29
216 14
6 20
120 21
243 25
190 21
197 20
204 22
23 11
76 24
15 28
244 17
252 29
181 28
137 23
196 10
10 9
144 26
181 12
143 19
250 9
168 14
157 6
184 25
94 7
29 13
143 1
36 21
96 25
16 30
99 3
194 9
218 9
47 3
90 15
27 12
33 23
149 6
198 5
111 17
94 11
203 20
246 6
186 19
153 18
49 16
65 24
43 3
195 22
180 30
86 28
216 15
155 12
210 29
138 18
213 4
162 13
53 23
53 13
197 23
30 14
236 30
92 9
4 24
196 30
132 29
205 17
231 30
29 6
244 7
28 3
116 19
113 4
227 27
159 6
194 16
117 14
243 26
162 18
41 14
36 7
152 14
20 29
173 20
21 6
152 7
129 30
34 25
59 16
226 7
39 21
76 16
159 12
49 14
235 17
144 11
173 12
24 23
101 4
130 18
240 6
196 18
61 8
170 28
97 6
22 29
67 15
52 22
93 7
37 8
52 4
27 19
112 9
225 12
149 1
41 11
236 4
178 11
231 16
250 5
219 30
89 30
197 30
20 27
198 11
142 12
42 17
140 20
113 20
163 4
240 18
94 27
134 6
152 7
204 1
182 12
49 13
75 30
67 26
37 30
211 15
148 5
246 21
113 28
143 2
1 9
64 22
172 3
76 24
115 13
249 11
139 9
251 8
250 19
106 27
173 5
108 16
245 7
79 26
63 8
212 23
178 9
23 3
226 25
251 9
156 30
44 19
19 21
67 3
3 13
194 13
149 25
1 15
71 7
64 6
114 25
26 18
56 6
136 23
160 11
46 3
7 24
46 17
71 8
108 2
191 13
38 16
182 8
123 20
245 5
143 20
237 26
17 12
101 9
18 13
218 9
119 7
151 26
108 7
239 11
55 13
130 10
139 18
96 19
183 14
216 2
167 25
187 25
9 2
188 17
95 24
29 9
138 19
101 28
231 21
78 24
161 14
160 21
11 12
186 16
144 30
232 11
210 27
52 26
138 14
111 26
79 26
20 8
144 24
33 13
130 19
171 22
115 19
47 14
131 20
75 1
48 23
192 7
222 3
35 30
64 29
218 5
80 6
230 27
195 25
19 22
76 7
115 24
218 8
179 25
98 12
116 21
155 9
204 3
140 20
154 30
6 25
140 8
222 3
209 16
207 5
64 12
190 12
172 4
130 15
200 27
100 1
247 3
52 13
16 26
234 13
184 25
117 2
205 3
25 9
9 11
150 16
169 12
192 13
117 20
141 18
188 14
105 13
200 5
255 17
147 3
130 30
256 18
10 13
103 6
164 19
133 9
204 29
222 27
18 2
145 26
67 21
224 1
168 20
231 10
75 8
165 24
175 25
97 23
4 17
49 26
77 21
164 12
191 20
33 7
101 6
173 19
173 15
96 12
54 13
148 9
6 23
205 11
231 7
45 4
76 17
54 8
57 18
215 20
24 17
199 7
182 23
1 25
21 22
178 1
56 13
251 1
140 25
225 18
24 5
38 2
6 18
205 10
199 29
101 18
217 17
190 9
91 27
107 12
156 9
35 5
145 13
137 7
67 9
129 2
166 24
135 21
91 28
5 20
25 28
218 24
43 11
164 5
247 16
231 8
211 2
76 14
222 9
152 13
163 21
51 16
146 21
83 19
86 6
55 22
238 9
205 21
17 27
15 22
208 24
126 1
149 17
164 14
9 26
45 6
99 16
145 29
6 24
198 29
78 20
130 25
43 26
13 22
48 15
221 23
207 16
247 9
91 9
215 22
250 3
256 14
195 8
124 17
86 1
205 14
70 23
140 17
194 18
1 5
116 8
218 17
244 6
70 9
147 22
229 8
112 30
94 30
57 12
40 4
10 21
253 11
142 8
113 20
60 13
103 3
162 7
235 9
127 13
171 26
132 23
58 16
76 23
151 6
153 24
240 23
123 4
196 2
135 15
149 24
115 7
141 12
224 28
84 19
239 29
33 1
190 13
166 28
146 29
199 6
173 27
198 12
110 26
35 30
215 23
238 5
178 9
215 29
254 27
181 20
65 26
28 2
125 23
198 8
242 4
113 17
35 28
201 11
250 23
168 14
182 12
220 20
150 21
206 9
134 21
102 4
66 22
113 2
177 13
98 6
111 11
100 9
207 9
163 2
149 26
189 28
6 7
50 17
66 18
237 8
185 9
130 4
127 29
9 20
187 14
203 27
231 4
33 24
97 2
219 17
11 12
248 19
231 10
13 22
221 16
228 23
28 23
169 3
55 8
103 8
210 10
26 23
232 22
8 23
252 12
250 16
252 11
29 12
82 5
29 18
37 9
155 2
242 3
27 3
79 11
139 14
50 22
143 17
116 4
181 16
79 24
216 30
66 10
21 6
17 21
4 14
130 27
102 17
217 12
188 13
232 21
250 12
73 23
81 22
225 25
211 24
227 25
120 16
19 18
200 15
109 25
109 23
14 26
102 25
245 25
35 14
62 4
193 13
44 10
34 26
103 28
105 2
51 26
139 1
8 14
69 29
74 9
9 17
201 6
100 5
248 14
98 28
242 20
180 28
116 18
247 24
250 5
144 19
247 27
196 29
62 12
184 24
170 15
100 10
117 22
8 17
6 18
190 1
242 30
6 29
244 21
95 12
33 30
252 13
89 20
101 18
230 21
196 18
147 11
26 9
240 2
254 23
83 6
199 14
218 29
239 29
142 15
119 26
147 19
150 12
48 16
196 13
22 24
247 18
79 6
238 14
207 12
151 4
22 10
221 17
222 18
67 20
3 4
59 27
12 10
111 2
132 25
89 14
188 25
200 10
176 18
94 14
156 24
94 4
39 25
134 14
118 21
100 8
107 23
185 2
252 2
151 3
89 1
6 24
163 20
140 28
161 18
191 3
185 2
234 29
111 9
208 16
170 27
226 29
199 18
46 24
88 1
100 26
41 9
163 27
215 15
71 18
238 12
155 10
141 12
175 23
73 17
185 9
158 2
22 2
216 5
209 27
134 19
4 29
16 28
18 10
123 12
118 6
219 26
31 15
208 23
85 11
54 8
127 14
49 25
144 11
110 23
171 29
122 27
56 15
189 23
80 15
184 10
117 27
116 17
201 21
158 7
70 18
6 22
45 25
202 7
157 15
199 6
22 4
149 17
59 6
171 13
56 30
154 18
202 28
52 28
66 7
166 6
142 28
9 28
55 10
178 7
10 3
60 7
187 13
19 4
139 23
153 8
133 6
138 10
150 19
169 8
121 1
106 25
147 6
216 27
7 24
23 28
119 9
121 8
66 24
235 21
203 17
230 12
228 25
51 5
116 1
51 11
89 25
93 6
78 20
6 19
133 21
80 4
173 23
25 11
188 17
228 21
250 11
127 15
62 23
243 11
130 16
131 11
216 11
200 6
49 5
183 9
121 5
68 6
49 25
23 3
224 27
31 4
124 7
88 21
63 1
158 18
15 7
64 25
203 7
185 30
59 3
148 2
218 21
24 20
180 20
175 22
35 8
150 21
39 15
185 22
236 18
130 22
129 7
5 13
150 24
68 22
245 3
137 13
129 4
156 27
182 3
127 23
0 0